4.460077860678711659e+03
4.460258501815494128e+03
4.460277376238591387e+03
4.460134197185094308e+03
4.459828936720327874e+03
4.459361826904992995e+03
4.458733360381759667e+03
4.457944290385123168e+03
4.456995630179630098e+03
4.455888651933011715e+03
4.454624885031967096e+03
4.453206113849662870e+03
4.451634374975124047e+03
4.449911953915910999e+03
4.448041381286499018e+03
4.446025428495890083e+03
4.443867102948945103e+03
4.441569642776923502e+03
4.439136511113638335e+03
4.436571389934550098e+03
4.433878173476826305e+03
4.431060961259208852e+03
4.428124050721133244e+03
4.425071929501180421e+03
4.421909267375544005e+03
4.418640907877731479e+03
4.415271859620976102e+03
4.411807287345387522e+03
4.408252502712062778e+03
4.404612954866686778e+03
4.400894220795409638e+03
4.397101995495889241e+03
4.393242081986487392e+03
4.389320381176457886e+03
4.385342881620055778e+03
4.381315649177473460e+03
4.377244816605228152e+03
4.373136573098480767e+03
4.368997153807493305e+03
4.364832829350204520e+03
4.360649895342421587e+03
4.356454661966838103e+03
4.352253443601581239e+03
4.348052548528477928e+03
4.343858268740789754e+03
4.339676869869617803e+03
4.335514581247525712e+03
4.331377586127373434e+03
4.327272012073679434e+03
4.323203921543157776e+03
4.319179302670296238e+03
4.315204060273194045e+03
4.311284007094084700e+03
4.307424855288276376e+03
4.303632208174420157e+03
4.299911552258291522e+03
4.296268249541374644e+03
4.292707530124691402e+03
4.289234485117573968e+03
4.285854059860239431e+03
4.282571047468329198e+03
4.279390082706587236e+03
4.276315636198196444e+03
4.273352008975321041e+03
4.270503327375758090e+03
4.267773538289779935e+03
4.265166404760460864e+03
4.262685501939986352e+03
4.260334213403770264e+03
4.258115727823457746e+03
4.256033035999212188e+03
4.254088928250900608e+03
4.252285992167272525e+03
4.250626610711421563e+03
4.249112960680305150e+03
4.247747011515471968e+03
4.246530524461525602e+03
4.245465052068418117e+03
4.244551938033082479e+03
4.243792317375367929e+03
4.243187116942766806e+03
4.242737056238032892e+03
4.242442648563341209e+03
4.242304202474240810e+03
4.242321823536365628e+03
4.242495416377423680e+03
4.242824687026848551e+03
4.243309145535019525e+03
4.243948108863824018e+03
4.244740704039981210e+03
4.245685871562314787e+03
4.246782369054004448e+03
4.248028775150653018e+03
4.249423493614966901e+03
4.250964757668612947e+03
4.252650634531766627e+03
4.254479030160686307e+03
4.256447694173669333e+03
4.258554224955534664e+03
4.260796074930847681e+03
4.263170555996121038e+03
4.265674845101131723e+03
4.268305989969495386e+03
4.271060914948669961e+03
4.273936426979606949e+03
4.276929221676171437e+03
4.280035889504554689e+03
4.283252922053042312e+03
4.286576718382404579e+03
4.290003591447348299e+03
4.293529774579476907e+03
4.297151428022295477e+03
4.300864645508807371e+03
4.304665460872347467e+03
4.308549854681376019e+03
4.312513760889025434e+03
4.316553073488254086e+03
4.320663653163529489e+03
4.324841333929970460e+03
4.329081929751063399e+03
4.333381241126083296e+03
4.337735061638441948e+03
4.342139184456239491e+03
4.346589408776408163e+03
4.351081546203798098e+03
4.355611427056674984e+03
4.360174906590254068e+03
4.364767871129818559e+03
4.369386244105208789e+03
4.374025991978479396e+03
4.378683130056551818e+03
4.383353728180775761e+03
4.388033916285390660e+03
4.392719889816977229e+03
4.397407915006941948e+03
4.402094333989331062e+03
4.406775569756353434e+03
4.411448130944072545e+03
4.416108616440806145e+03
4.420753719810900293e+03
4.425380233526655502e+03
4.429985053001342749e+03
4.434565180416441763e+03
4.439117728336243090e+03
4.443639923103269211e+03
4.448129108008117328e+03
4.452582746227563803e+03
4.456998423524849386e+03
4.461373850706468147e+03
4.465706865829880371e+03
4.469995436156970754e+03
4.474237659848272415e+03
4.478431767393236441e+03
4.482576122772245981e+03
4.486669224346331248e+03
4.490709705470968402e+03
4.494696334830696287e+03
4.498628016491689777e+03
4.502503789669868638e+03
4.506322828212554668e+03
4.510084439792102785e+03
4.513788064810458309e+03
4.517433275014070205e+03
4.521019771819234847e+03
4.524547384348314154e+03
4.528016067177881268e+03
4.531425897800449093e+03
4.534777073802032646e+03
4.538069909758429276e+03
4.541304833853722812e+03
4.544482384225112582e+03
4.547603205038837586e+03
4.550668042302604590e+03
4.553677739420596481e+03
4.556633232497812060e+03
4.559535545401191484e+03
4.562385784585731926e+03
4.565185133694410979e+03
4.567934847941479347e+03
4.570636248289363721e+03
4.573290715430108321e+03
4.575899683582909347e+03
4.578464634119999573e+03
4.580987089033736993e+03
4.583468604258454434e+03
4.585910762861305557e+03
4.588315168116907444e+03
4.590683436481189347e+03
4.593017190480441968e+03
4.595318051532154641e+03
4.597587632714675237e+03
4.599827531503193313e+03
4.602039322490005361e+03
4.604224550107512187e+03
4.606384721372735839e+03
4.608521298672543708e+03
4.610635692608966565e+03
4.612729254924355700e+03
4.614803271526285243e+03
4.616858955632364996e+03
4.618897441055186391e+03
4.620919775647564165e+03
4.622926914928351835e+03
4.624919715909090883e+03
4.626898931141685352e+03
4.628865203006989759e+03
4.630819058264160958e+03
4.632760902880205322e+03
4.634691017158933391e+03
4.636609551188024852e+03
4.638516520622485587e+03
4.640411802822320169e+03
4.642295133361656553e+03
4.644166102925833002e+03
4.646024154612371603e+03
4.647868581650970555e+03
4.649698525556816094e+03
4.651512974730666429e+03
4.653310763518191379e+03
4.655090571740114683e+03
4.656850924703610872e+03
4.658590193704396370e+03
4.660306597027691168e+03
4.661998201455165145e+03
4.663662924283643406e+03
4.665298535860214542e+03
4.666902662636852256e+03
4.668472790746488499e+03
4.670006270101003793e+03
4.671500319010177918e+03
4.672952029319246321e+03
4.674358372061175942e+03
4.675716203618445434e+03
4.677022272387404882e+03
4.678273225936992276e+03
4.679465618651865952e+03
4.680595919848658014e+03
4.681660522352411135e+03
4.682655751518875149e+03
4.683577874686746327e+03
4.684423111042509845e+03
4.685187641879086186e+03
4.685867621228039752e+03
4.686459186843689167e+03
4.686958471516058125e+03
4.687361614688348709e+03
4.687664774353250323e+03
4.687864139201175931e+03
4.687955940992314936e+03
4.687936467123313378e+03
4.687802073358274356e+03
4.687549196692758414e+03
4.687174368318491361e+03
4.686674226655687562e+03
4.686045530419099123e+03
4.685285171683263798e+03
4.684390188911635960e+03
4.683357779913836566e+03
4.682185314694847875e+03
4.680870348159664900e+03
4.679410632636627270e+03
4.677804130182441440e+03
4.676049024631858629e+03
4.674143733355045697e+03
4.672086918685829005e+03
4.669877498984305021e+03
4.667514659297540675e+03
4.664997861582627593e+03
4.662326854456949150e+03
4.659501682441123194e+03
4.656522694660920024e+03
4.653390552975325591e+03
4.650106239498922150e+03
4.646671063487901847e+03
4.643086667560257411e+03
4.639355033221789199e+03
4.635478485671142153e+03
4.631459697858448635e+03
4.627301693773809347e+03
4.623007850943508856e+03
4.618581902113601245e+03
4.614027936102329477e+03
4.609350397804786553e+03
4.604554087335221084e+03
4.599644158294362569e+03
4.594626115151406339e+03
4.589505809732268062e+03
4.584289436808137907e+03
4.578983528780534471e+03
4.573594949461386022e+03
4.568130886948956686e+03
4.562598845602922665e+03
4.557006637124232839e+03
4.551362370747903697e+03
4.545674442559256022e+03
4.539951523946522684e+03
4.534202549205187097e+03
4.528436702311841145e+03
4.522663402887717893e+03
4.516892291374546403e+03
4.511133213447594244e+03
4.505396203693189818e+03
4.499691468580120272e+03
4.494029368756603617e+03
4.488420400706625514e+03
4.482875177801463906e+03
4.477404410784388347e+03
4.472018887728365371e+03
4.466729453508551160e+03
4.461546988833006253e+03
4.456482388876753248e+03
4.451546541565779080e+03
4.446750305559152366e+03
4.442104487978714133e+03
4.437619821937002598e+03
4.433306943915233205e+03
4.429176371044115513e+03
4.425238478341022528e+03
4.421503475957779301e+03
4.417981386493929676e+03
4.414682022430773941e+03
4.411614963741760221e+03
4.408789535734867059e+03
4.406214787182721921e+03
4.403899468795853863e+03
4.401852012094317615e+03
4.400080508732382441e+03
4.398592690330443475e+03
4.397395908867625621e+03
4.396497117687456011e+03
4.395902853168114234e+03
4.395619217107404438e+03
4.395651859871339184e+03
2.283340555430607765e+03
2.282641960731139079e+03
2.281886315739656766e+03
2.281073652920302720e+03
2.280204117601207599e+03
2.279277968557424174e+03
2.278295578344368096e+03
2.277257433384195338e+03
2.276164133808041697e+03
2.275016393057545883e+03
2.273815037249505167e+03
2.272561004307936855e+03
2.271255342868277694e+03
2.269899210958825734e+03
2.268493874464893906e+03
2.267040705381485623e+03
2.265541179860663760e+03
2.263996876060077284e+03
2.262409471799356652e+03
2.260780742031403861e+03
2.259112556135802606e+03
2.257406875041817329e+03
2.255665748188621365e+03
2.253891310330559008e+03
2.252085778195433704e+03
2.250251447003882731e+03
2.248390686858060235e+03
2.246505939007907273e+03
2.244599712003368495e+03
2.242674577740942823e+03
2.240733167413003230e+03
2.238778167368325740e+03
2.236812314892238192e+03
2.234838393914818880e+03
2.232859230655472857e+03
2.230877689212213681e+03
2.228896667103862455e+03
2.226919090773324569e+03
2.224947911059984108e+03
2.222986098649161249e+03
2.221036639506428401e+03
2.219102530304494849e+03
2.217186773850169629e+03
2.215292374518814540e+03
2.213422333703503682e+03
2.211579645285953575e+03
2.209767291136121912e+03
2.207988236647187478e+03
2.206245426312431846e+03
2.204541779350362958e+03
2.202880185384242395e+03
2.201263500181969903e+03
2.199694541462078178e+03
2.198176084771384922e+03
2.196710859439704109e+03
2.195301544616751471e+03
2.193950765396224597e+03
2.192661089031841584e+03
2.191435021249888905e+03
2.190275002662679981e+03
2.189183405287095866e+03
2.188162529172220275e+03
2.187214599139853817e+03
2.186341761641538596e+03
2.185546081735528333e+03
2.184829540186942722e+03
2.184194030694200592e+03
2.183641357244613118e+03
2.183173231601871521e+03
2.182791270928020822e+03
2.182496995542283003e+03
2.182291826818975551e+03
2.182177085226589043e+03
2.182153988509924602e+03
2.182223650017069303e+03
2.182387077172827503e+03
2.182645170100029645e+03
2.182998720390040489e+03
2.183448410023638189e+03
2.183994810443235110e+03
2.184638381777345785e+03
2.185379472217983675e+03
2.186218317551581094e+03
2.187155040843873394e+03
2.188189652278989342e+03
2.189322049152937325e+03
2.190552016021439158e+03
2.191879225001975556e+03
2.193303236229719005e+03
2.194823498466897945e+03
2.196439349864972883e+03
2.198150018878874562e+03
2.199954625332356045e+03
2.201852181633369128e+03
2.203841594138221808e+03
2.205921664663062984e+03
2.208091092141105946e+03
2.210348474423808511e+03
2.212692310224069843e+03
2.215121001199281636e+03
2.217632854171948111e+03
2.220226083485321396e+03
2.222898813491393412e+03
2.225649081168280190e+03
2.228474838863952755e+03
2.231373957162976694e+03
2.234344227872787997e+03
2.237383367125755285e+03
2.240489018593130368e+03
2.243658756806733436e+03
2.246890090584041445e+03
2.250180466552115831e+03
2.253527272765596081e+03
2.256927842413768303e+03
2.260379457611542875e+03
2.263879353268912382e+03
2.267424721033290098e+03
2.271012713298917788e+03
2.274640447277321528e+03
2.278305009122617321e+03
2.282003458105239133e+03
2.285732830827533689e+03
2.289490145474435394e+03
2.293272406092270558e+03
2.297076606888624156e+03
2.300899736545993619e+03
2.304738782541842738e+03
2.308590735467529157e+03
2.312452593338453880e+03
2.316321365887667071e+03
2.320194078835087566e+03
2.324067778124396682e+03
2.327939534119624568e+03
2.331806445753355547e+03
2.335665644618491569e+03
2.339514298995483387e+03
2.343349617806901733e+03
2.347168854491314960e+03
2.350969310788387702e+03
2.354748340427250241e+03
2.358503352710222771e+03
2.362231815984092918e+03
2.365931260991254931e+03
2.369599284093173992e+03
2.373233550358794673e+03
2.376831796510663480e+03
2.380391833721822877e+03
2.383911550256669216e+03
2.387388913949259859e+03
2.390821974512838096e+03
2.394208865674604567e+03
2.397547807130111323e+03
2.400837106311949356e+03
2.404075159967808304e+03
2.407260455543317676e+03
2.410391572365489992e+03
2.413467182623019653e+03
2.416486052140072388e+03
2.419447040940719035e+03
2.422349103601574370e+03
2.425191289390722886e+03
2.427972742191503130e+03
2.430692700210219300e+03
2.433350495467401743e+03
2.435945553072721395e+03
2.438477390284277590e+03
2.440945615353469293e+03
2.443349926157275149e+03
2.445690108620281080e+03
2.447966034929418129e+03
2.450177661544887542e+03
2.452325027011384009e+03
2.454408249574278216e+03
2.456427524605988765e+03
2.458383121848313294e+03
2.460275382477121184e+03
2.462104715996304549e+03
2.463871596968454924e+03
2.465576561590256006e+03
2.467220204121125789e+03
2.468803173174099811e+03
2.470326167878486103e+03
2.471789933924285833e+03
2.473195259498792893e+03
2.474542971126272278e+03
2.475833929421976791e+03
2.477069024772142257e+03
2.478249172951978835e+03
2.479375310693993015e+03
2.480448391219290897e+03
2.481469379744745765e+03
2.482439248979179411e+03
2.483358974621902235e+03
2.484229530877115394e+03
2.485051885997795125e+03
2.485826997872788525e+03
2.486555809670899180e+03
2.487239245555748766e+03
2.487878206485205737e+03
2.488473566109069907e+03
2.489026166778622610e+03
2.489536815681511143e+03
2.490006281115234742e+03
2.490435288912279702e+03
2.490824519029678868e+03
2.491174602315488755e+03
2.491486117464271047e+03
2.491759588173312295e+03
2.491995480510913239e+03
2.492194200507527512e+03
2.492356091980087967e+03
2.492481434599293607e+03
2.492570442209043449e+03
2.492623261406571146e+03
2.492639970391213865e+03
2.492620578089020455e+03
2.492565023559714973e+03
2.492473175691795859e+03
2.492344833190723421e+03
2.492179724864417494e+03
2.491977510209403135e+03
2.491737780300116356e+03
2.491460058983008821e+03
2.491143804376229127e+03
2.490788410674724219e+03
2.490393210259704574e+03
2.489957476110511379e+03
2.489480424515960749e+03
2.488961218081335119e+03
2.488398969026221494e+03
2.487792742767518121e+03
2.487141561780914799e+03
2.486444409733301654e+03
2.485700235877570776e+03
2.484907959700423817e+03
2.484066475812868703e+03
2.483174659072218674e+03
2.482231369923550119e+03
2.481235459947759409e+03
2.480185777602515373e+03
2.479081174141690099e+03
2.477920509698004480e+03
2.476702659513001436e+03
2.475426520297746720e+03
2.474091016707005110e+03
2.472695107909066337e+03
2.471237794232813030e+03
2.469718123873111381e+03
2.468135199635177287e+03
2.466488185698134657e+03
2.464776314377589642e+03
2.462998892866824917e+03
2.461155309935871173e+03
2.459245042567562450e+03
2.457267662509547336e+03
2.455222842721116649e+03
2.453110363693726413e+03
2.450930119624104918e+03
2.448682124418939111e+03
2.446366517510301492e+03
2.443983569461178377e+03
2.441533687340790493e+03
2.439017419849707039e+03
2.436435462175190878e+03
2.433788660557657295e+03
2.431078016549684435e+03
2.428304690949579708e+03
2.425470007392179468e+03
2.422575455580231392e+03
2.419622694140521162e+03
2.416613553089668585e+03
2.413550035895428664e+03
2.410434321120251298e+03
2.407268763634800507e+03
2.404055895390175465e+03
2.400798425738635160e+03
2.397499241293709929e+03
2.394161405321750408e+03
2.390788156658139997e+03
2.387382908142600172e+03
2.383949244569264920e+03
2.380490920148464738e+03
2.377011855478464440e+03
2.373516134026686814e+03
2.370007998121322998e+03
2.366491844455551472e+03
2.362972219107945421e+03
2.359453812083998855e+03
2.355941451385095206e+03
2.352440096612554044e+03
2.348954832115783120e+03
2.345490859694892606e+03
2.342053490869448979e+03
2.338648138726377510e+03
2.335280309361284253e+03
2.331955592928779424e+03
2.328679654318588291e+03
2.325458223475423438e+03
2.322297085381801480e+03
2.319202069724087323e+03
2.316179040263161369e+03
2.313233883932113713e+03
2.310372499684385275e+03
2.307600787116668016e+03
2.304924634891786354e+03
2.302349908987581784e+03
2.299882440798577591e+03
2.297528015117897212e+03
2.295292358027497357e+03
2.293181124725404970e+03
2.291199887319036407e+03
2.289354122614139214e+03
2.287649199929194765e+03
2.286090368965391463e+03
2.284682747762444251e+03
2.283431310770597520e+03
2.282340877069211729e+03
2.281416098762201727e+03
2.280661449580508361e+03
2.280081213721488893e+03
2.279679474954824400e+03
2.279460106024144807e+03
2.279426758373061148e+03
2.279582852223779355e+03
2.279931567035777789e+03
2.280475832371341312e+03
2.281218319193953903e+03
2.282161431624621855e+03
2.283307299180299196e+03
2.284657769517560155e+03
2.286214401703561180e+03
2.287978460035190892e+03
2.289950908426079877e+03
2.566087442278776962e+03
2.566006155859925911e+03
2.565868585707416969e+03
2.565674287416632069e+03
2.565422865265913970e+03
2.565113974792691806e+03
2.564747325285473380e+03
2.564322682183139023e+03
2.563839869373205147e+03
2.563298771381073948e+03
2.562699335442523989e+03
2.562041573452074317e+03
2.561325563780193534e+03
2.560551452952698583e+03
2.559719457186075488e+03
2.558829863772898989e+03
2.557883032311916850e+03
2.556879395777860736e+03
2.555819461426453472e+03
2.554703811530613166e+03
2.553533103944314007e+03
2.552308072491040548e+03
2.551029527174335726e+03
2.549698354208390356e+03
2.548315515867200247e+03
2.546882050151279600e+03
2.545399070271500932e+03
2.543867763950099743e+03
2.542289392539453729e+03
2.540665289959715210e+03
2.538996861456955230e+03
2.537285582183924362e+03
2.535532995606078202e+03
2.533740711735991226e+03
2.531910405199759680e+03
2.530043813139469876e+03
2.528142732956277541e+03
2.526209019899069972e+03
2.524244584504130216e+03
2.522251389891584950e+03
2.520231448924890174e+03
2.518186821239877190e+03
2.516119610150329208e+03
2.514031959437347723e+03
2.511926050030057013e+03
2.509804096585535262e+03
2.507668343976072720e+03
2.505521063692111056e+03
2.503364550169456379e+03
2.501201117049526147e+03
2.499033093381531671e+03
2.496862819775703883e+03
2.494692644516695964e+03
2.492524919646454236e+03
2.490361997025864639e+03
2.488206224384548022e+03
2.486059941368138425e+03
2.483925475592413022e+03
2.481805138713559245e+03
2.479701222523832257e+03
2.477615995081704568e+03
2.475551696885548608e+03
2.473510537099722569e+03
2.471494689841770651e+03
2.469506290539240581e+03
2.467547432364444376e+03
2.465620162755223646e+03
2.463726480029562026e+03
2.461868330101591710e+03
2.460047603306249130e+03
2.458266131339545609e+03
2.456525684321084100e+03
2.454827967985110263e+03
2.453174621006051893e+03
2.451567212464096428e+03
2.450007239456046591e+03
2.448496124856214010e+03
2.447035215231799157e+03
2.445625778916749823e+03
2.444269004247666999e+03
2.442965997964964117e+03
2.441717783782013612e+03
2.440525301124591351e+03
2.439389404042510250e+03
2.438310860294926897e+03
2.437290350610311179e+03
2.436328468121714195e+03
2.435425717977505883e+03
2.434582517127315441e+03
2.433799194282527424e+03
2.433075990050256678e+03
2.432413057239305090e+03
2.431810461336252956e+03
2.431268181149383508e+03
2.430786109617830334e+03
2.430364054782913172e+03
2.430001740918318774e+03
2.429698809815404729e+03
2.429454822219577636e+03
2.429269259413412328e+03
2.429141524941848274e+03
2.429070946474520042e+03
2.429056777799994506e+03
2.429098200946462839e+03
2.429194328423172919e+03
2.429344205576675904e+03
2.429546813055747407e+03
2.429801069378675493e+03
2.430105833596402590e+03
2.430459908044901567e+03
2.430862041180022970e+03
2.431310930487893984e+03
2.431805225463912393e+03
2.432343530653250582e+03
2.432924408745771416e+03
2.433546383718159632e+03
2.434207944016082365e+03
2.434907545769207445e+03
2.435643616031844431e+03
2.436414556042078857e+03
2.437218744492246060e+03
2.438054540803691452e+03
2.438920288398836419e+03
2.439814317963623125e+03
2.440734950693561586e+03
2.441680501516684217e+03
2.442649282286862217e+03
2.443639604941069592e+03
2.444649784614340660e+03
2.445678142706345625e+03
2.446723009893691142e+03
2.447782729082214246e+03
2.448855658293755369e+03
2.449940173482101272e+03
2.451034671273024742e+03
2.452137571623543408e+03
2.453247320395773386e+03
2.454362391840967575e+03
2.455481290989597255e+03
2.456602555943574771e+03
2.457724760066955241e+03
2.458846514071749425e+03
2.459966467995694074e+03
2.461083313069113956e+03
2.462195783468272566e+03
2.463302657952873687e+03
2.464402761385635586e+03
2.465494966132123409e+03
2.466578193339313657e+03
2.467651414091595143e+03
2.468713650443213737e+03
2.469763976326378724e+03
2.470801518334548291e+03
2.471825456380670857e+03
2.472835024230351792e+03
2.473829509910252455e+03
2.474808255992188606e+03
2.475770659753674863e+03
2.476716173215907929e+03
2.477644303060385482e+03
2.478554610425584997e+03
2.479446710585350502e+03
2.480320272510854011e+03
2.481175018318190268e+03
2.482010722603847171e+03
2.482827211670532961e+03
2.483624362645986366e+03
2.484402102497594115e+03
2.485160406945788054e+03
2.485899299279397383e+03
2.486618849076241531e+03
2.487319170832458440e+03
2.488000422504125709e+03
2.488662803964946306e+03
2.489306555383847808e+03
2.489931955526467391e+03
2.490539319984639860e+03
2.491128999338079211e+03
2.491701377252539714e+03
2.492256868518871215e+03
2.492795917037426989e+03
2.493318993752367078e+03
2.493826594540464612e+03
2.494319238059116287e+03
2.494797463558270465e+03
2.495261828661045456e+03
2.495712907117849682e+03
2.496151286538864497e+03
2.496577566109763666e+03
2.496992354295548466e+03
2.497396266537404244e+03
2.497789922947485138e+03
2.498173946006543702e+03
2.498548958269287596e+03
2.498915580082346878e+03
2.499274427319714960e+03
2.499626109140479912e+03
2.499971225773643255e+03
2.500310366334778337e+03
2.500644106679232664e+03
2.500973007296488504e+03
2.501297611250302907e+03
2.501618442169116861e+03
2.501936002291161458e+03
2.502250770568625285e+03
2.502563200835147200e+03
2.502873720040790886e+03
2.503182726558569811e+03
2.503490588566485712e+03
2.503797642508919580e+03
2.504104191641064517e+03
2.504410504660027527e+03
2.504716814426028122e+03
2.505023316777008404e+03
2.505330169439816018e+03
2.505637491040973146e+03
2.505945360219860504e+03
2.506253814847028025e+03
2.506562851350090568e+03
2.506872424149566996e+03
2.507182445206774901e+03
2.507492783685737322e+03
2.507803265730859493e+03
2.508113674361888570e+03
2.508423749487509667e+03
2.508733188038696426e+03
2.509041644222696505e+03
2.509348729898334568e+03
2.509654015073078426e+03
2.509957028522064320e+03
2.510257258529059072e+03
2.510554153749074430e+03
2.510847124192117008e+03
2.511135542327294388e+03
2.511418744306283770e+03
2.511696031304832104e+03
2.511966670980784329e+03
2.512229899046858009e+03
2.512484920956064343e+03
2.512730913697478172e+03
2.512967027699784012e+03
2.513192388839750038e+03
2.513406100552525459e+03
2.513607246040389782e+03
2.513794890576350099e+03
2.513968083898694658e+03
2.514125862692387273e+03
2.514267253152905596e+03
2.514391273627923965e+03
2.514496937331954996e+03
2.514583255128874498e+03
2.514649238376964604e+03
2.514693901830979939e+03
2.514716266595432899e+03
2.514715363123152201e+03
2.514690234252917435e+03
2.514639938279843136e+03
2.514563552051977240e+03
2.514460174086395000e+03
2.514328927697931249e+03
2.514168964133570626e+03
2.513979465705350776e+03
2.513759648914514401e+03
2.513508767559569606e+03
2.513226115820805262e+03
2.512911031313733019e+03
2.512562898103878069e+03
2.512181149675303004e+03
2.511765271845194547e+03
2.511314805616855210e+03
2.510829349963435561e+03
2.510308564534780089e+03
2.509752172279789647e+03
2.509159961976774866e+03
2.508531790664341315e+03
2.507867585965449052e+03
2.507167348297404715e+03
2.506431152960695727e+03
2.505659152099688072e+03
2.504851576528431906e+03
2.504008737414979350e+03
2.503131027817850736e+03
2.502218924068475644e+03
2.501272986993737959e+03
2.500293862972986062e+03
2.499282284824155795e+03
2.498239072513966221e+03
2.497165133687453363e+03
2.496061464012463603e+03
2.494929147335059497e+03
2.493769355642170922e+03
2.492583348828221460e+03
2.491372474262804644e+03
2.490138166156959414e+03
2.488881944725981157e+03
2.487605415147154417e+03
2.486310266311223131e+03
2.484998269366898967e+03
2.483671276058140847e+03
2.482331216854443028e+03
2.480980098874846590e+03
2.479620003606836690e+03
2.478253084421849962e+03
2.476881563889546669e+03
2.475507730893546068e+03
2.474133937551797771e+03
2.472762595945277553e+03
2.471396174659179906e+03
2.470037195141289430e+03
2.468688227882693354e+03
2.467351888426505866e+03
2.466030833210737001e+03
2.464727755251893541e+03
2.463445379676423727e+03
2.462186459107520022e+03
2.460953768915247565e+03
2.459750102338401121e+03
2.458578265486907185e+03
2.457441072233994873e+03
2.456341339007731221e+03
2.455281879491876680e+03
2.454265499246385389e+03
2.453294990258176313e+03
2.452373125433122823e+03
2.451502653040476162e+03
2.450686291121222439e+03
2.449926721872074722e+03
2.449226586017020509e+03
2.448588477178554967e+03
2.448014936260840386e+03
2.447508445857202332e+03
2.447071424694452617e+03
2.446706222126615103e+03
