-5.383413791656494141e+00
-3.221585035324096680e+00
-1.059756875038146973e+00
1.102071523666381836e+00
3.642025709152221680e+00
6.181979656219482422e+00
8.721933364868164062e+00
1.126188755035400391e+01
1.277390956878662109e+01
1.428593158721923828e+01
1.579795074462890625e+01
1.730997276306152344e+01
1.612169647216796875e+01
1.493341732025146484e+01
1.374514102935791016e+01
1.255686378479003906e+01
9.658222198486328125e+00
6.759580612182617188e+00
3.860939264297485352e+00
9.622978568077087402e-01
-3.074908256530761719e+00
-7.112114429473876953e+00
-1.114932060241699219e+01
-1.518652629852294922e+01
-1.720298194885253906e+01
-1.921944046020507812e+01
-2.123589706420898438e+01
-2.325235176086425781e+01
-1.878329277038574219e+01
-1.431423282623291016e+01
-9.845171928405761719e+00
-5.376111030578613281e+00
2.077963113784790039e+00
9.532036781311035156e+00
1.698611068725585938e+01
2.444018554687500000e+01
2.431222152709960938e+01
2.418425750732421875e+01
2.405629348754882812e+01
2.392832756042480469e+01
1.606080436706542969e+01
8.193280220031738281e+00
3.257561922073364258e-01
-7.541767597198486328e+00
-1.097569465637207031e+01
-1.440962123870849609e+01
-1.784354972839355469e+01
-2.127747726440429688e+01
-1.614472389221191406e+01
-1.101197433471679688e+01
-5.879223823547363281e+00
-7.464732527732849121e-01
4.630077362060546875e+00
1.000662708282470703e+01
1.538317871093750000e+01
2.075972938537597656e+01
1.986724090576171875e+01
1.897474861145019531e+01
1.808225822448730469e+01
1.718976974487304688e+01
1.300782966613769531e+01
8.825890541076660156e+00
4.643951416015625000e+00
4.620124101638793945e-01
-2.166532754898071289e+00
-4.795077800750732422e+00
-7.423622131347656250e+00
-1.005216693878173828e+01
-1.077435588836669922e+01
-1.149654293060302734e+01
-1.221872997283935547e+01
-1.294091796875000000e+01
-1.408649730682373047e+01
-1.523207378387451172e+01
-1.637764930725097656e+01
-1.752322769165039062e+01
-1.808172607421875000e+01
-1.864022445678710938e+01
-1.919872093200683594e+01
-1.975721931457519531e+01
-1.640907287597656250e+01
-1.306092739105224609e+01
-9.712780952453613281e+00
-6.364635944366455078e+00
-1.774641871452331543e+00
2.815351963043212891e+00
7.405345916748046875e+00
1.199533939361572266e+01
1.173461818695068359e+01
1.147389507293701172e+01
1.121317291259765625e+01
1.095245170593261719e+01
7.781167507171630859e+00
4.609883308410644531e+00
1.438599705696105957e+00
-1.732684135437011719e+00
-2.425434112548828125e+00
-3.118184089660644531e+00
-3.810934066772460938e+00
-4.503684520721435547e+00
-2.673932313919067383e+00
-8.441805839538574219e-01
9.855711460113525391e-01
2.815322875976562500e+00
2.005141973495483398e+00
1.194961071014404297e+00
3.847802579402923584e-01
-4.254006445407867432e-01
-3.035259962081909180e+00
-5.645119190216064453e+00
-8.254978179931640625e+00
-1.086483669281005859e+01
-1.025080966949462891e+01
-9.636782646179199219e+00
-9.022756576538085938e+00
-8.408729553222656250e+00
-3.977215051651000977e+00
4.542997181415557861e-01
4.885814189910888672e+00
9.317329406738281250e+00
1.131632709503173828e+01
1.331532573699951172e+01
1.531432342529296875e+01
1.731332206726074219e+01
1.569608211517333984e+01
1.407884311676025391e+01
1.246160411834716797e+01
1.084436416625976562e+01
9.706604003906250000e+00
8.568842887878417969e+00
7.431081771850585938e+00
6.293321132659912109e+00
6.541737079620361328e+00
6.790153026580810547e+00
7.038569450378417969e+00
7.286985874176025391e+00
7.051295280456542969e+00
6.815603733062744141e+00
6.579912662506103516e+00
6.344222068786621094e+00
5.728254318237304688e+00
5.112286567687988281e+00
4.496318340301513672e+00
3.880351066589355469e+00
4.021823883056640625e+00
4.163297176361083984e+00
4.304770469665527344e+00
4.446243762969970703e+00
3.548710584640502930e+00
2.651177644729614258e+00
1.753644704818725586e+00
8.561118245124816895e-01
-1.499436140060424805e+00
-3.854984283447265625e+00
-6.210531711578369141e+00
-8.566079139709472656e+00
-1.101721000671386719e+01
-1.346833992004394531e+01
-1.591947078704833984e+01
-1.837059974670410156e+01
-1.936973762512207031e+01
-2.036887359619140625e+01
-2.136800765991210938e+01
-2.236714172363281250e+01
-2.098871994018554688e+01
-1.961030006408691406e+01
-1.823187828063964844e+01
-1.685345458984375000e+01
-1.336967945098876953e+01
-9.885902404785156250e+00
-6.402125358581542969e+00
-2.918348789215087891e+00
6.140653789043426514e-02
3.041162014007568359e+00
6.020916938781738281e+00
9.000672340393066406e+00
1.004168128967285156e+01
1.108269119262695312e+01
1.212370014190673828e+01
1.316471004486083984e+01
1.324813079833984375e+01
1.333155345916748047e+01
1.341497516632080078e+01
1.349839591979980469e+01
1.340172481536865234e+01
1.330505466461181641e+01
1.320838356018066406e+01
1.311171150207519531e+01
1.202765941619873047e+01
1.094360733032226562e+01
9.859555244445800781e+00
8.775503158569335938e+00
7.566162586212158203e+00
6.356822967529296875e+00
5.147482872009277344e+00
3.938143014907836914e+00
3.860548973083496094e+00
3.782954692840576172e+00
3.705360412597656250e+00
3.627766132354736328e+00
2.770830869674682617e+00
1.913895606994628906e+00
1.056960105895996094e+00
2.000247836112976074e-01
-3.772121191024780273e+00
-7.744266986846923828e+00
-1.171641254425048828e+01
-1.568855857849121094e+01
-1.821632003784179688e+01
-2.074408340454101562e+01
-2.327184295654296875e+01
-2.579960250854492188e+01
-2.125079727172851562e+01
-1.670199203491210938e+01
-1.215318679809570312e+01
-7.604381561279296875e+00
-8.805332779884338379e-01
5.843315124511718750e+00
1.256716346740722656e+01
1.929101181030273438e+01
1.869128990173339844e+01
1.809156799316406250e+01
1.749184799194335938e+01
1.689212608337402344e+01
1.015418624877929688e+01
3.416244745254516602e+00
-3.321696519851684570e+00
-1.005963802337646484e+01
-1.448516654968261719e+01
-1.891069412231445312e+01
-2.333622360229492188e+01
-2.776175117492675781e+01
-2.619287872314453125e+01
-2.462400054931640625e+01
-2.305512619018554688e+01
-2.148624992370605469e+01
-1.598485851287841797e+01
-1.048346424102783203e+01
-4.982071876525878906e+00
5.193215012550354004e-01
5.382518291473388672e+00
1.024571514129638672e+01
1.510891056060791016e+01
1.997210693359375000e+01
2.116891098022460938e+01
2.236571311950683594e+01
2.356251525878906250e+01
2.475931739807128906e+01
2.172553253173828125e+01
1.869174385070800781e+01
1.565795707702636719e+01
1.262416934967041016e+01
1.133144187927246094e+01
1.003871440887451172e+01
8.745986938476562500e+00
7.453259468078613281e+00
7.590739727020263672e+00
7.728219509124755859e+00
7.865699291229248047e+00
8.003179550170898438e+00
8.096852302551269531e+00
8.190524101257324219e+00
8.284196853637695312e+00
8.377869606018066406e+00
7.561721801757812500e+00
6.745573043823242188e+00
5.929424285888671875e+00
5.113276004791259766e+00
2.155514001846313477e+00
-8.022479414939880371e-01
-3.760009765625000000e+00
-6.717771530151367188e+00
-1.163732719421386719e+01
-1.655688285827636719e+01
-2.147643852233886719e+01
-2.639599227905273438e+01
-3.016020011901855469e+01
-3.392440795898437500e+01
-3.768861389160156250e+01
-4.145282363891601562e+01
-4.075975799560546875e+01
-4.006669235229492188e+01
-3.937363052368164062e+01
-3.868056488037109375e+01
-3.382635498046875000e+01
-2.897214698791503906e+01
-2.411793899536132812e+01
-1.926373291015625000e+01
-1.253866195678710938e+01
-5.813590526580810547e+00
9.114803075790405273e-01
7.636551380157470703e+00
1.400847911834716797e+01
2.038040733337402344e+01
2.675233650207519531e+01
3.312426376342773438e+01
3.613448715209960938e+01
3.914471054077148438e+01
4.215493392944335938e+01
4.516515731811523438e+01
4.201240158081054688e+01
3.885964584350585938e+01
3.570689010620117188e+01
3.255413818359375000e+01
2.486299896240234375e+01
1.717186355590820312e+01
9.480725288391113281e+00
1.789588093757629395e+00
-4.056664466857910156e+00
-9.902916908264160156e+00
-1.574917030334472656e+01
-2.159542083740234375e+01
-2.039332962036132812e+01
-1.919123840332031250e+01
-1.798914718627929688e+01
-1.678705596923828125e+01
-1.122291564941406250e+01
-5.658775806427001953e+00
-9.463497996330261230e-02
5.469505310058593750e+00
8.482981681823730469e+00
1.149645709991455078e+01
1.450993251800537109e+01
1.752340888977050781e+01
1.524543762207031250e+01
1.296746730804443359e+01
1.068949508666992188e+01
8.411523818969726562e+00
4.929517269134521484e+00
1.447511792182922363e+00
-2.034493923187255859e+00
-5.516499996185302734e+00
-2.837204456329345703e+00
-1.697862505912780762e+00
-5.585204958915710449e-01
5.808214545249938965e-01
1.919445991516113281e+00
3.258070468902587891e+00
4.596694469451904297e+00
5.935319423675537109e+00
6.732195854187011719e+00
7.529071807861328125e+00
8.325947761535644531e+00
9.122823715209960938e+00
8.496569633483886719e+00
7.870314598083496094e+00
7.244060993194580078e+00
6.617806911468505859e+00
5.090144157409667969e+00
3.562481880187988281e+00
2.034819364547729492e+00
5.071569681167602539e-01
-1.620559811592102051e+00
-3.748276710510253906e+00
-5.875993728637695312e+00
-8.003709793090820312e+00
-9.066435813903808594e+00
-1.012916469573974609e+01
-1.119189167022705078e+01
-1.225461769104003906e+01
-9.899303436279296875e+00
-7.543987274169921875e+00
-5.188671588897705078e+00
-2.833355903625488281e+00
1.095142722129821777e+00
5.023641109466552734e+00
8.952139854431152344e+00
1.288063812255859375e+01
1.281319808959960938e+01
1.274575710296630859e+01
1.267831707000732422e+01
1.261087512969970703e+01
8.464478492736816406e+00
4.318080425262451172e+00
1.716823130846023560e-01
-3.974715471267700195e+00
-5.784487724304199219e+00
-7.594260215759277344e+00
-9.404032707214355469e+00
-1.121380519866943359e+01
-8.508706092834472656e+00
-5.803607940673828125e+00
-3.098510026931762695e+00
-3.934116065502166748e-01
2.440176010131835938e+00
5.273763179779052734e+00
8.107351303100585938e+00
1.094093799591064453e+01
1.047057247161865234e+01
1.000020503997802734e+01
9.529838562011718750e+00
9.059473037719726562e+00
6.855477809906005859e+00
4.651483058929443359e+00
2.447487831115722656e+00
2.434930205345153809e-01
-1.141821384429931641e+00
-2.527135610580444336e+00
-3.912449598312377930e+00
-5.297763824462890625e+00
-5.678376674652099609e+00
-6.058988571166992188e+00
-6.439601421356201172e+00
-6.820213794708251953e+00
-7.423964977264404297e+00
-8.027714729309082031e+00
-8.631464004516601562e+00
-9.235215187072753906e+00
-9.529558181762695312e+00
-9.823902130126953125e+00
-1.011824512481689453e+01
-1.041258811950683594e+01
-8.648024559020996094e+00
-6.883461952209472656e+00
-5.118898391723632812e+00
-3.354335069656372070e+00
-9.352842569351196289e-01
1.483766555786132812e+00
3.902817487716674805e+00
6.321868419647216797e+00
6.184460639953613281e+00
6.047052860260009766e+00
5.909645557403564453e+00
5.772237777709960938e+00
4.100885391235351562e+00
2.429533243179321289e+00
7.581809163093566895e-01
-9.131713509559631348e-01
-1.278269290924072266e+00
-1.643367290496826172e+00
-2.008465290069580078e+00
-2.373563289642333984e+00
-1.409234642982482910e+00
-4.449059665203094482e-01
5.194226503372192383e-01
1.483751177787780762e+00
1.056764006614685059e+00
6.297767758369445801e-01
2.027895897626876831e-01
-2.241976261138916016e-01
-1.599663972854614258e+00
-2.975130319595336914e+00
-4.350596904754638672e+00
-5.726062774658203125e+00
-5.402453422546386719e+00
-5.078845024108886719e+00
-4.755236625671386719e+00
-4.431627750396728516e+00
-2.096099853515625000e+00
2.394282370805740356e-01
2.574956178665161133e+00
4.910484313964843750e+00
5.964010715484619141e+00
7.017536640167236328e+00
8.071063041687011719e+00
9.124588966369628906e+00
8.272259712219238281e+00
7.419930934906005859e+00
6.567602157592773438e+00
5.715273380279541016e+00
5.115642547607421875e+00
4.516011714935302734e+00
3.916381120681762695e+00
3.316750288009643555e+00
3.447672367095947266e+00
3.578594207763671875e+00
3.709516525268554688e+00
3.840438365936279297e+00
3.716223239898681641e+00
3.592007398605346680e+00
3.467791795730590820e+00
3.343576431274414062e+00
3.018944978713989258e+00
2.694313287734985352e+00
2.369681358337402344e+00
2.045049905776977539e+00
2.119610071182250977e+00
2.194170236587524414e+00
2.268730401992797852e+00
2.343290567398071289e+00
1.870266437530517578e+00
1.397242307662963867e+00
9.242181181907653809e-01
4.511940777301788330e-01
-7.902433872222900391e-01
-2.031680822372436523e+00
-3.273118257522583008e+00
-4.514555454254150391e+00
-5.806367874145507812e+00
-7.098179340362548828e+00
-8.389991760253906250e+00
-9.681802749633789062e+00
-1.020837497711181641e+01
-1.073494625091552734e+01
-1.126151847839355469e+01
-1.178808879852294922e+01
-1.106162261962890625e+01
-1.033515834808349609e+01
-9.608692169189453125e+00
-8.882226943969726562e+00
-7.046182155609130859e+00
-5.210137844085693359e+00
-3.374093294143676758e+00
-1.538048624992370605e+00
3.236290439963340759e-02
1.602774500846862793e+00
3.173186063766479492e+00
4.743597507476806641e+00
5.292237758636474609e+00
5.840877532958984375e+00
6.389517784118652344e+00
6.938158035278320312e+00
6.982123374938964844e+00
7.026089191436767578e+00
7.070054531097412109e+00
7.114019393920898438e+00
7.063071250915527344e+00
7.012123107910156250e+00
6.961174964904785156e+00
6.910226345062255859e+00
6.338901519775390625e+00
5.767576694488525391e+00
5.196252346038818359e+00
4.624927520751953125e+00
3.987572431564331055e+00
3.350217580795288086e+00
2.712862730026245117e+00
2.075507879257202148e+00
2.034613609313964844e+00
1.993719458580017090e+00
1.952825069427490234e+00
1.911930918693542480e+00
1.460302829742431641e+00
1.008674740791320801e+00
5.570465922355651855e-01
1.054184660315513611e-01
-1.988009810447692871e+00
-4.081438064575195312e+00
-6.174866199493408203e+00
-8.268294334411621094e+00
-9.600492477416992188e+00
-1.093269252777099609e+01
-1.226489067077636719e+01
-1.359708786010742188e+01
-1.119974517822265625e+01
-8.802401542663574219e+00
-6.405057907104492188e+00
-4.007714748382568359e+00
-4.640648365020751953e-01
3.079585075378417969e+00
6.623235225677490234e+00
1.016688442230224609e+01
9.850815773010253906e+00
9.534745216369628906e+00
9.218676567077636719e+00
8.902606964111328125e+00
5.351530551910400391e+00
1.800453305244445801e+00
-1.750623822212219238e+00
-5.301701068878173828e+00
-7.634074211120605469e+00
-9.966446876525878906e+00
-1.229882049560546875e+01
-1.463119411468505859e+01
-1.380435466766357422e+01
-1.297751426696777344e+01
-1.215067481994628906e+01
-1.132383441925048828e+01
-8.424452781677246094e+00
-5.525069236755371094e+00
-2.625686407089233398e+00
2.736964821815490723e-01
2.836732625961303711e+00
5.399768829345703125e+00
7.962804317474365234e+00
1.052584075927734375e+01
1.115658855438232422e+01
1.178733539581298828e+01
1.241808319091796875e+01
1.304883003234863281e+01
1.144994258880615234e+01
9.851054191589355469e+00
8.252166748046875000e+00
6.653278350830078125e+00
5.971975803375244141e+00
5.290673732757568359e+00
4.609371185302734375e+00
3.928069353103637695e+00
4.000524997711181641e+00
4.072980403900146484e+00
4.145436286926269531e+00
4.217892169952392578e+00
4.267260074615478516e+00
4.316627979278564453e+00
4.365995883941650391e+00
4.415363788604736328e+00
3.985231637954711914e+00
3.555099248886108398e+00
3.124966859817504883e+00
2.694834709167480469e+00
1.136014103889465332e+00
-4.228063523769378662e-01
-1.981626868247985840e+00
-3.540447235107421875e+00
-6.133186340332031250e+00
-8.725925445556640625e+00
-1.131866359710693359e+01
-1.391140174865722656e+01
-1.589524078369140625e+01
-1.787907981872558594e+01
-1.986291885375976562e+01
-2.184675788879394531e+01
-2.148149490356445312e+01
-2.111623001098632812e+01
-2.075096702575683594e+01
-2.038570213317871094e+01
-1.782740402221679688e+01
-1.526910495758056641e+01
-1.271080589294433594e+01
-1.015250873565673828e+01
-6.608213901519775391e+00
-3.063919544219970703e+00
4.803747534751892090e-01
4.024669170379638672e+00
7.382846832275390625e+00
1.074102497100830078e+01
1.409920406341552734e+01
1.745738220214843750e+01
1.904385185241699219e+01
2.063031959533691406e+01
2.221679115295410156e+01
2.380325889587402344e+01
2.214167213439941406e+01
2.048008537292480469e+01
1.881849670410156250e+01
1.715690994262695312e+01
1.310347270965576172e+01
9.050036430358886719e+00
4.996598720550537109e+00
9.431613087654113770e-01
-2.137971878051757812e+00
-5.219104766845703125e+00
-8.300238609313964844e+00
-1.138137054443359375e+01
-1.074783611297607422e+01
-1.011430168151855469e+01
-9.480767250061035156e+00
-8.847232818603515625e+00
-5.914779663085937500e+00
-2.982327699661254883e+00
-4.987519234418869019e-02
2.882577180862426758e+00
4.470760822296142578e+00
6.058943748474121094e+00
7.647126674652099609e+00
9.235309600830078125e+00
8.034757614135742188e+00
6.834205627441406250e+00
5.633653163909912109e+00
4.433100223541259766e+00
2.597989082336425781e+00
7.628778219223022461e-01
-1.072233319282531738e+00
-2.907344579696655273e+00
-9.832071304321289062e+00
-1.060523986816406250e+01
-1.137840843200683594e+01
-1.215157508850097656e+01
-9.826664924621582031e+00
-7.501753330230712891e+00
-5.176842212677001953e+00
-2.851931571960449219e+00
-1.232795342803001404e-01
2.605372428894042969e+00
5.334024429321289062e+00
8.062676429748535156e+00
8.336601257324218750e+00
8.610527038574218750e+00
8.884452819824218750e+00
9.158378601074218750e+00
7.086672306060791016e+00
5.014966487884521484e+00
2.943260431289672852e+00
8.715543746948242188e-01
-1.599259138107299805e+00
-4.070072650909423828e+00
-6.540885925292968750e+00
-9.011698722839355469e+00
-9.691950798034667969e+00
-1.037220191955566406e+01
-1.105245399475097656e+01
-1.173270606994628906e+01
-9.574481010437011719e+00
-7.416256427764892578e+00
-5.258031845092773438e+00
-3.099806785583496094e+00
4.983795285224914551e-01
4.096565723419189453e+00
7.694751739501953125e+00
1.129293823242187500e+01
1.287500190734863281e+01
1.445706653594970703e+01
1.603913116455078125e+01
1.762119483947753906e+01
1.580399417877197266e+01
1.398679542541503906e+01
1.216959667205810547e+01
1.035239601135253906e+01
7.275985717773437500e+00
4.199575901031494141e+00
1.123165845870971680e+00
-1.953244447708129883e+00
-3.297728061676025391e+00
-4.642211437225341797e+00
-5.986695289611816406e+00
-7.331178665161132812e+00
-6.753875732421875000e+00
-6.176572322845458984e+00
-5.599268913269042969e+00
-5.021965503692626953e+00
-4.162866592407226562e+00
-3.303767681121826172e+00
-2.444668769836425781e+00
-1.585569858551025391e+00
-1.454239606857299805e+00
-1.322909116744995117e+00
-1.191578865051269531e+00
-1.060248613357543945e+00
-1.369201540946960449e+00
-1.678154230117797852e+00
-1.987106919288635254e+00
-2.296059846878051758e+00
-2.414668560028076172e+00
-2.533277511596679688e+00
-2.651886224746704102e+00
-2.770494937896728516e+00
-2.391259670257568359e+00
-2.012024164199829102e+00
-1.632788777351379395e+00
-1.253553390502929688e+00
-7.121903300285339355e-01
-1.708272397518157959e-01
3.705358803272247314e-01
9.118989706039428711e-01
1.065564751625061035e+00
1.219230771064758301e+00
1.372896671295166016e+00
1.526562571525573730e+00
9.790752530097961426e-01
4.315879642963409424e-01
-1.158992946147918701e-01
-6.633865833282470703e-01
-2.014713048934936523e+00
-3.366039276123046875e+00
-4.717365264892578125e+00
-6.068691730499267578e+00
-6.806632041931152344e+00
-7.544572353363037109e+00
-8.282512664794921875e+00
-9.020453453063964844e+00
-8.622547149658203125e+00
-8.224640846252441406e+00
-7.826735019683837891e+00
-7.428829193115234375e+00
-5.680686473846435547e+00
-3.932543277740478516e+00
-2.184400320053100586e+00
-4.362572133541107178e-01
1.777176022529602051e+00
3.990608930587768555e+00
6.204041957855224609e+00
8.417474746704101562e+00
9.360372543334960938e+00
1.030326843261718750e+01
1.124616527557373047e+01
1.218906307220458984e+01
1.205617332458496094e+01
1.192328357696533203e+01
1.179039287567138672e+01
1.165750312805175781e+01
1.063094615936279297e+01
9.604389190673828125e+00
8.577831268310546875e+00
7.551274776458740234e+00
6.242966651916503906e+00
4.934658527374267578e+00
3.626350402832031250e+00
2.318042516708374023e+00
1.061743259429931641e+00
-1.945559084415435791e-01
-1.450855135917663574e+00
-2.707154512405395508e+00
-3.150341033935546875e+00
-3.593528270721435547e+00
-4.036715030670166016e+00
-4.479901790618896484e+00
-3.933442831039428711e+00
-3.386984109878540039e+00
-2.840525150299072266e+00
-2.294066190719604492e+00
-1.262720704078674316e+00
-2.313750982284545898e-01
7.999704480171203613e-01
1.831316113471984863e+00
2.776250839233398438e+00
3.721185684204101562e+00
4.666121006011962891e+00
5.611055850982666016e+00
5.650052547454833984e+00
5.689048767089843750e+00
5.728044509887695312e+00
5.767041206359863281e+00
4.412725925445556641e+00
3.058410882949829102e+00
1.704095602035522461e+00
3.497803509235382080e-01
-1.446085691452026367e+00
-3.241951704025268555e+00
-5.037817478179931641e+00
-6.833683013916015625e+00
-7.475952148437500000e+00
-8.118222236633300781e+00
-8.760491371154785156e+00
-9.402760505676269531e+00
-8.566748619079589844e+00
-7.730735778808593750e+00
-6.894722938537597656e+00
-6.058711051940917969e+00
-4.864418029785156250e+00
-3.670125961303710938e+00
-2.475833654403686523e+00
-1.281541109085083008e+00
-6.700367927551269531e-01
-5.853231996297836304e-02
5.529721379280090332e-01
1.164476633071899414e+00
1.103372454643249512e+00
1.042268037796020508e+00
9.811637401580810547e-01
9.200593829154968262e-01
8.741763830184936523e-01
8.282932639122009277e-01
7.824102044105529785e-01
7.365272641181945801e-01
9.924032688140869141e-01
1.248279333114624023e+00
1.504155278205871582e+00
1.760031342506408691e+00
2.141078948974609375e+00
2.522126197814941406e+00
2.903173685073852539e+00
3.284221172332763672e+00
3.479994535446166992e+00
3.675768613815307617e+00
3.871541976928710938e+00
4.067316055297851562e+00
3.742516040802001953e+00
3.417716503143310547e+00
3.092916965484619141e+00
2.768117189407348633e+00
2.327746391296386719e+00
1.887375712394714355e+00
1.447005033493041992e+00
1.006634354591369629e+00
4.282082021236419678e-01
-1.502179056406021118e-01
-7.286440134048461914e-01
-1.307070016860961914e+00
-1.949957013130187988e+00
-2.592844009399414062e+00
-3.235730886459350586e+00
-3.878617525100708008e+00
-3.953166484832763672e+00
-4.027715206146240234e+00
-4.102264404296875000e+00
-4.176813125610351562e+00
-3.106319665908813477e+00
-2.035825729370117188e+00
-9.653319120407104492e-01
1.051619350910186768e-01
1.582055091857910156e+00
3.058948278427124023e+00
4.535840988159179688e+00
6.012734413146972656e+00
5.729886054992675781e+00
5.447038650512695312e+00
5.164190769195556641e+00
4.881342887878417969e+00
2.899908781051635742e+00
9.184746146202087402e-01
-1.062959432601928711e+00
-3.044393539428710938e+00
-4.538220882415771484e+00
-6.032047748565673828e+00
-7.525875091552734375e+00
-9.019702911376953125e+00
-8.460395812988281250e+00
-7.901089191436767578e+00
-7.341783046722412109e+00
-6.782475948333740234e+00
-5.308560848236083984e+00
-3.834645509719848633e+00
-2.360730409622192383e+00
-8.868150711059570312e-01
2.078038267791271210e-02
9.283757805824279785e-01
1.835971236228942871e+00
2.743566513061523438e+00
2.944983720779418945e+00
3.146401166915893555e+00
3.347818613052368164e+00
3.549235820770263672e+00
3.820551395416259766e+00
4.091866970062255859e+00
4.363182067871093750e+00
4.634497165679931641e+00
5.427861213684082031e+00
6.221224784851074219e+00
7.014588832855224609e+00
7.807952880859375000e+00
8.325797080993652344e+00
8.843641281127929688e+00
9.361486434936523438e+00
9.879330635070800781e+00
9.471089363098144531e+00
9.062848091125488281e+00
8.654607772827148438e+00
8.246366500854492188e+00
7.152175426483154297e+00
6.057984352111816406e+00
4.963793277740478516e+00
3.869602203369140625e+00
1.657395362854003906e+00
-5.548114776611328125e-01
-2.767018318176269531e+00
-4.979225158691406250e+00
-7.993569374084472656e+00
-1.100791454315185547e+01
-1.402225971221923828e+01
-1.703660392761230469e+01
-1.863473320007324219e+01
-2.023286247253417969e+01
-2.183098983764648438e+01
-2.342912101745605469e+01
-2.215205192565917969e+01
-2.087498283386230469e+01
-1.959791183471679688e+01
-1.832084274291992188e+01
-1.524905204772949219e+01
-1.217726039886474609e+01
-9.105468750000000000e+00
-6.033677101135253906e+00
-2.635657310485839844e+00
7.623624801635742188e-01
4.160382270812988281e+00
7.558401584625244141e+00
1.008995628356933594e+01
1.262151050567626953e+01
1.515306568145751953e+01
1.768461990356445312e+01
1.870627212524414062e+01
1.972792434692382812e+01
2.074957656860351562e+01
2.177122879028320312e+01
2.050992774963378906e+01
1.924862861633300781e+01
1.798732757568359375e+01
1.672603034973144531e+01
1.352111339569091797e+01
1.031619834899902344e+01
7.111281871795654297e+00
3.906367063522338867e+00
1.015429854393005371e+00
-1.875507116317749023e+00
-4.766444206237792969e+00
-7.657381057739257812e+00
-7.999611854553222656e+00
-8.341842651367187500e+00
-8.684072494506835938e+00
-9.026303291320800781e+00
-7.464749336242675781e+00
-5.903195381164550781e+00
-4.341641426086425781e+00
-2.780087471008300781e+00
-1.575942754745483398e+00
-3.717979490756988525e-01
8.323469161987304688e-01
2.036491632461547852e+00
2.016593933105468750e+00
1.996695995330810547e+00
1.976798295974731445e+00
1.956900358200073242e+00
1.308690547943115234e+00
6.604806780815124512e-01
1.227078959345817566e-02
-6.359390616416931152e-01
