3.769500148725334157e+02
3.730817091904326617e+02
3.710151599601795169e+02
3.690063727993554039e+02
3.656352103432673175e+02
3.601746366146585956e+02
3.529610984728705603e+02
3.449731823019848775e+02
3.371607324584990124e+02
3.303965004356482495e+02
3.246648732307183991e+02
3.198912135488362765e+02
3.157696856904872789e+02
3.120525606966988903e+02
3.087697243179146085e+02
3.060128527197864514e+02
3.039970039889163331e+02
3.028061213491163812e+02
3.027445029419303637e+02
3.040003538193509485e+02
3.068507146777542971e+02
3.114713130775047603e+02
3.179031174233872434e+02
3.255530522609428772e+02
3.336925572614345015e+02
3.410448959415874697e+02
3.467374007244783343e+02
3.500410738592389066e+02
3.511023101464053866e+02
3.500783752714276602e+02
3.478464479822736166e+02
3.451433996095061616e+02
3.426672972754550415e+02
3.406070743914109471e+02
3.392602962192680707e+02
3.385369881516526220e+02
3.382109070018483408e+02
3.380922661154749562e+02
3.381841041166071022e+02
3.388880027179243370e+02
3.403677480240272644e+02
3.429036815654960151e+02
3.462038728255078013e+02
3.494886401058421370e+02
3.516595384131629771e+02
3.518677807871838468e+02
3.497978422906273863e+02
3.455387062553201076e+02
3.401082881009839411e+02
3.342966728758736963e+02
3.291417677656426122e+02
3.252351460402190924e+02
3.225476351124116263e+02
3.209829729913391247e+02
3.199500967715971456e+02
3.193087203618517833e+02
3.188683261161327209e+02
3.189013750670311538e+02
3.195415591052793616e+02
3.211332280693520715e+02
3.232375080035471342e+02
3.256155814740530445e+02
3.276656123810322470e+02
3.288439041530159557e+02
3.288291951434197813e+02
3.275188644227944224e+02
3.249803010964653254e+02
3.214003926695543782e+02
3.170143404403364116e+02
3.122641548690708078e+02
3.076777650625317619e+02
3.038177888169773837e+02
3.012707675632581754e+02
3.002994402527666011e+02
3.007020701136656839e+02
3.021068966559529372e+02
3.039144822737552545e+02
3.056101224580377789e+02
3.069360223389502380e+02
3.079137931354979969e+02
3.086353918868123287e+02
3.092574883427009809e+02
3.098035518982870258e+02
3.100201350784736860e+02
3.097038581350935829e+02
3.087080230240079004e+02
3.071346429245102172e+02
3.051014939067253522e+02
3.030560793351741609e+02
3.009462729414122464e+02
2.988654053440120038e+02
2.967387590829660553e+02
2.943603320324137371e+02
2.919263905911418533e+02
2.893894417943275812e+02
2.871297953455505763e+02
2.851027707651019227e+02
2.837811088309961178e+02
2.829727384237306751e+02
2.829007648196849232e+02
2.832933471648958630e+02
2.838955541005698251e+02
2.845210164810643505e+02
2.850865258469267474e+02
2.857886362096663788e+02
2.868313372943501349e+02
2.885305457945872263e+02
2.906666759364356949e+02
2.929409578693508251e+02
2.946394113991814834e+02
2.953143926082306621e+02
2.949153283950723221e+02
2.938854898050611268e+02
2.928448081031357333e+02
2.927110614410835296e+02
2.940423067050416535e+02
2.966431904761482201e+02
3.000049905352128121e+02
3.032865624988137938e+02
3.058389376663549228e+02
3.075207913306558112e+02
3.084982446855487410e+02
3.089624769092836232e+02
3.091187447664469801e+02
3.087161634665217775e+02
3.075170598397946264e+02
3.055821357028627858e+02
3.032007018548695783e+02
3.012796190440232067e+02
3.007118167623413001e+02
3.019561345946686970e+02
3.044852294200981646e+02
3.073761255822474823e+02
3.094355425626271199e+02
3.096609078773059878e+02
3.080684819735050155e+02
3.052256449318028331e+02
3.023388294249699584e+02
3.002332825892859205e+02
2.994106587340174883e+02
2.994394129539494998e+02
2.990731188889602095e+02
2.974456603683857452e+02
2.939471977631212098e+02
2.889513430822844384e+02
2.831450685574633894e+02
2.773699310774387641e+02
2.721607642694623337e+02
2.673461851102342166e+02
2.624653504751476589e+02
2.571213275602669341e+02
2.512702788522495041e+02
2.454250654756262691e+02
2.403016483138394506e+02
2.367288299931004758e+02
2.347281744138197155e+02
2.339739738191087781e+02
2.339876255318670246e+02
2.343011468404818629e+02
2.350830270983882997e+02
2.366410481443369918e+02
2.392968706051751155e+02
2.432197782317035717e+02
2.482321973563878714e+02
2.541506722998917382e+02
2.605525909402194884e+02
2.675917288611975664e+02
2.750306129025771043e+02
2.825679857700628190e+02
2.893113219534184850e+02
2.943532919719618803e+02
2.968237957118835766e+02
2.963764689732472561e+02
2.934057269830359473e+02
2.889771017384375682e+02
2.844724708895615208e+02
2.807535385579391800e+02
2.786373728996109094e+02
2.781072873637652947e+02
2.792315191015870255e+02
2.823649155825752359e+02
2.883118580222619585e+02
2.976411174819148187e+02
3.100558067566294653e+02
3.246655409742671736e+02
3.395181000021486284e+02
3.523463071826779469e+02
3.612038852574538055e+02
3.645613800232838457e+02
3.620171145327306590e+02
3.540053679302885143e+02
3.420867281183255386e+02
3.282025151800359026e+02
3.147000727719705537e+02
3.030949202731099490e+02
2.944173590401159117e+02
2.884453616360528940e+02
2.848367918671935399e+02
2.830992430741457042e+02
2.830620738694984198e+02
2.852158975430241981e+02
2.896668134407563002e+02
2.960522399126642767e+02
3.036103680223321248e+02
3.108375782796010185e+02
3.164956805175960426e+02
3.197792687813241059e+02
3.204285923762011521e+02
3.189266044179125856e+02
3.160714142539863474e+02
3.128273791543633138e+02
3.099802668280686930e+02
3.082495989761408737e+02
3.079784325216187426e+02
3.090533275051121791e+02
3.112296400781560237e+02
3.139567589032734531e+02
3.167523688808641964e+02
3.193596512169565926e+02
3.219577461477137490e+02
3.246821767935159642e+02
3.277020373843641892e+02
3.310135345066220793e+02
3.341124135256530394e+02
3.365121624807836724e+02
3.377651066732470326e+02
3.376379369233324610e+02
3.362024749054799599e+02
3.339433807975318018e+02
3.313822968819397943e+02
3.294166363713690657e+02
3.287202109871033144e+02
3.298312791752259727e+02
3.324910536897569955e+02
3.362670477325459615e+02
3.402110879672426336e+02
3.436645669575403872e+02
3.463598353354343544e+02
3.484925322175220685e+02
3.507774903798833179e+02
3.538162797474518584e+02
3.578598636605281058e+02
3.625891529236065480e+02
3.670432743325353044e+02
3.703002773125725753e+02
3.715554058163002651e+02
3.706968814502743044e+02
3.682989118124605170e+02
3.650654987105816645e+02
3.621957495692322482e+02
3.602570594982458942e+02
3.593716657044032559e+02
3.591992747400968824e+02
3.590807085280085289e+02
3.585867782748141508e+02
3.573370930507221033e+02
3.555885730231786397e+02
3.536838560211234039e+02
3.521141608567811545e+02
3.514654111002253103e+02
3.517862743025259533e+02
3.527323308425456503e+02
3.537371539180191462e+02
3.542461604683452947e+02
3.535913833316335513e+02
3.517411007899124229e+02
3.488789702572498754e+02
3.452376107325071075e+02
3.412130383276739849e+02
3.368848380210851587e+02
3.322275277797329522e+02
3.270465019229728227e+02
3.211224512743013975e+02
3.146961082232107856e+02
3.079482943561422985e+02
3.011343468441953064e+02
2.947689922151868132e+02
2.890936681367499546e+02
2.843941342788842235e+02
2.809993504944299616e+02
2.792479011202759693e+02
2.792406040652054457e+02
2.810380840167198357e+02
2.843694990629891208e+02
2.889437217651814080e+02
2.943409718563054867e+02
3.002384599809229826e+02
3.066450764944363527e+02
3.133573246456147103e+02
3.202557099208493128e+02
3.269081724495364938e+02
3.333740964320293756e+02
3.391977652948949640e+02
3.443283895988676022e+02
3.487332675745229835e+02
3.525043822913177110e+02
3.556486699023477627e+02
3.580149493565023135e+02
3.595240680006459115e+02
3.594759266044532637e+02
3.577820792176826785e+02
3.543269586921596783e+02
3.497499855661557717e+02
3.446917825148074144e+02
3.400506972415478231e+02
3.363363112343223520e+02
3.338131737732450119e+02
3.320238792930110208e+02
3.309009703269047691e+02
3.299071962231631687e+02
3.293721163307659481e+02
3.297260644849968685e+02
3.312490877282298811e+02
3.342069513704239512e+02
3.385670188850560862e+02
3.438417540426526671e+02
3.497960779273138883e+02
3.557701982542523638e+02
3.614714967071167280e+02
3.669231477705492921e+02
3.722745897340060992e+02
3.782735940095624301e+02
3.855629539555573615e+02
3.950789755296641488e+02
4.068056333228515768e+02
4.202701814951522010e+02
4.339914348319330770e+02
4.462784969060911635e+02
4.556621936730732045e+02
4.612653165406629796e+02
4.634501506686817152e+02
4.630281098779458944e+02
4.615730807455583431e+02
2.817447575329004508e+02
2.806303798071338633e+02
2.803633332642637015e+02
2.800635640993212974e+02
2.789514435204053484e+02
2.765231270110845685e+02
2.727770716666488511e+02
2.681001711376395633e+02
2.628497802452035330e+02
2.575749022984950898e+02
2.526973027697589487e+02
2.485044600659163052e+02
2.451087607714003980e+02
2.426635404343027460e+02
2.411046799878947411e+02
2.402800647688812319e+02
2.399951614485944731e+02
2.399829863413004603e+02
2.401877050675229555e+02
2.407720442667872760e+02
2.421358419978777761e+02
2.447501654956959953e+02
2.487500464940752920e+02
2.539070334322148881e+02
2.596701833195518816e+02
2.651311644654955444e+02
2.694117264429445413e+02
2.718875759433079224e+02
2.723107276604143863e+02
2.707284131584169700e+02
2.675470010919631818e+02
2.634469471334268746e+02
2.591099012260751238e+02
2.552519382113677864e+02
2.524612902053847847e+02
2.509312567207867346e+02
2.505896367479031426e+02
2.511145667249013229e+02
2.520291547280523616e+02
2.530252116361869525e+02
2.538731138979235027e+02
2.546440110990303651e+02
2.550795271681159022e+02
2.551952128996253464e+02
2.547118701926292204e+02
2.535998541485420787e+02
2.518647223151623677e+02
2.498142788390312035e+02
2.477978074175361485e+02
2.461883106934724026e+02
2.451263114736925957e+02
2.446346796499350376e+02
2.444076437828179280e+02
2.441522524982271989e+02
2.436075786126513094e+02
2.427384513411311104e+02
2.416421719714639664e+02
2.408105506786844785e+02
2.405113705128671313e+02
2.410840790379507723e+02
2.425214289848790372e+02
2.444976265510675546e+02
2.465992005645975098e+02
2.483573901927887277e+02
2.494671018636065298e+02
2.497318193631457177e+02
2.490325856032308707e+02
2.476552459496828362e+02
2.457539029893047768e+02
2.437109782405685223e+02
2.420371444731719635e+02
2.410388134607805739e+02
2.410040425669718616e+02
2.418747141190414141e+02
2.433991330102879544e+02
2.451444132327921750e+02
2.468229696091072753e+02
2.479897953688721373e+02
2.486266090332992746e+02
2.488057088979054186e+02
2.485505750410848407e+02
2.480871842989076015e+02
2.475153517882542644e+02
2.469538747457716283e+02
2.464238223414674849e+02
2.460216533450832515e+02
2.457797998552730121e+02
2.458733268279817423e+02
2.462751564883652691e+02
2.469540582329703682e+02
2.476173276671529493e+02
2.480324806228456396e+02
2.479123079770648417e+02
2.471823646681736477e+02
2.457724073041767383e+02
2.438283332215024188e+02
2.417113657185620070e+02
2.396160136431078058e+02
2.378991696832890455e+02
2.367660532850381117e+02
2.363333749109078497e+02
2.364592635894066177e+02
2.369848223368594233e+02
2.375864885608892507e+02
2.379084931532300971e+02
2.378794590428655056e+02
2.373740324114201599e+02
2.362389652015063461e+02
2.346002783418708191e+02
2.323999994585534523e+02
2.297813811054821542e+02
2.271255016322002973e+02
2.248509238705966879e+02
2.236359898823453705e+02
2.238544291888691760e+02
2.254985657818266986e+02
2.281152404819821129e+02
2.307889465156857227e+02
2.327074487714134534e+02
2.332393805701975396e+02
2.324037553814606838e+02
2.305728416373660536e+02
2.283387744129787222e+02
2.262661310553199598e+02
2.246986853446930468e+02
2.237226205689084964e+02
2.235073347782721953e+02
2.240406026158041186e+02
2.256331259845231898e+02
2.283152601206230941e+02
2.318349318896056275e+02
2.357963268068477021e+02
2.394293762664744634e+02
2.420950284063960396e+02
2.435757391120218074e+02
2.438536650213718247e+02
2.435268025141230623e+02
2.432209317915012718e+02
2.433902912995689576e+02
2.441525017984023123e+02
2.451083724666816863e+02
2.457621242974756512e+02
2.455170087212809165e+02
2.442616221075366525e+02
2.421640840217864650e+02
2.397146274020695671e+02
2.373332992370730778e+02
2.353128856983339006e+02
2.335275951557737528e+02
2.316677746711565646e+02
2.294436632501557654e+02
2.265571935887527957e+02
2.231791368160979800e+02
2.196895418047932935e+02
2.163810611597576212e+02
2.133840897059827455e+02
2.107248363098250081e+02
2.082622141218709828e+02
2.058537951536223716e+02
2.034881241927258770e+02
2.013695463169611912e+02
1.996902613974367284e+02
1.988067301318518787e+02
1.987395734711624584e+02
1.997062820695694256e+02
2.016309093675934037e+02
2.045715893182507443e+02
2.082537175822960194e+02
2.122094290161565198e+02
2.159435966171280370e+02
2.188302885729319200e+02
2.203209609462133471e+02
2.203152849790975267e+02
2.192136323559713560e+02
2.177333523937591337e+02
2.166770766718710206e+02
2.167595304291873219e+02
2.183255344509926488e+02
2.211899093967589351e+02
2.250196965849309549e+02
2.296099908989824883e+02
2.348257374554350179e+02
2.407502377603697141e+02
2.474154662102295674e+02
2.544842108207078297e+02
2.613539566221735413e+02
2.673185425201569387e+02
2.715029753570267985e+02
2.731695488693553102e+02
2.720376368077505731e+02
2.683024589371229922e+02
2.625085423023719500e+02
2.556513407913934657e+02
2.488033690212632791e+02
2.427430260582312371e+02
2.378988458647416451e+02
2.342906992366142163e+02
2.316796408095514721e+02
2.297901037957040842e+02
2.286443839233921267e+02
2.284348420910439188e+02
2.293991494527715531e+02
2.316176275180310427e+02
2.347552635046895944e+02
2.381771761562212930e+02
2.411251709522352655e+02
2.430821974641486918e+02
2.436885984922344619e+02
2.430955327901256737e+02
2.415635262175478886e+02
2.397008328353950333e+02
2.381841529305780227e+02
2.374050482082766109e+02
2.378766485576310288e+02
2.395141549492577155e+02
2.420732446063520058e+02
2.449791714153444673e+02
2.477840976443658860e+02
2.500810694644370926e+02
2.518002356398689869e+02
2.530740007578406505e+02
2.541088015239590447e+02
2.549454520932447963e+02
2.554946108455160072e+02
2.555923657257002901e+02
2.553006553816658482e+02
2.545221209349826097e+02
2.534803583021418945e+02
2.526295205507473725e+02
2.522070028212957311e+02
2.524181940240880238e+02
2.534852711183219753e+02
2.552792054173312692e+02
2.576122940807723012e+02
2.600802071898572194e+02
2.622912204116023531e+02
2.639943167712093555e+02
2.651176590301444662e+02
2.658723488464185607e+02
2.665101283735791640e+02
2.675233331385779252e+02
2.689012919921324283e+02
2.704715040273906652e+02
2.718575423222217751e+02
2.723901210975408276e+02
2.718401963217683601e+02
2.700459603787040805e+02
2.674246173438903043e+02
2.643780270790411464e+02
2.615727290451262093e+02
2.594455575130189686e+02
2.582050849540094646e+02
2.576264662239040604e+02
2.574420099149022576e+02
2.572924861126525684e+02
2.568495606689331794e+02
2.560703683311088525e+02
2.552617975891875233e+02
2.546817762517663084e+02
2.547260685926954977e+02
2.557566895825534061e+02
2.576380643295660775e+02
2.601224722279172283e+02
2.627292176157559425e+02
2.651177369667856283e+02
2.669753262680574153e+02
2.682198157349261578e+02
2.688429750192952383e+02
2.688396077656033754e+02
2.679587918031914455e+02
2.661470848453162716e+02
2.632924268897853608e+02
2.593389660011590081e+02
2.547696764457494965e+02
2.500234365477718939e+02
2.455965039332497497e+02
2.419785188441884713e+02
2.393251900220502080e+02
2.377220649337553198e+02
2.370473469616900104e+02
2.371936491763523236e+02
2.380947641227906502e+02
2.396736254752021864e+02
2.419471401509191821e+02
2.447345699945946365e+02
2.481070305617791973e+02
2.519061226308049584e+02
2.560023143497148794e+02
2.599997922565719932e+02
2.636700828257110629e+02
2.667625418030490323e+02
2.691999449437462317e+02
2.709971248647817106e+02
2.723264219291955328e+02
2.734777543346286279e+02
2.744150616772735702e+02
2.752809683431330541e+02
2.756550768919558436e+02
2.754662359564010217e+02
2.743433857555285158e+02
2.721415428774886323e+02
2.690759800305793874e+02
2.655437720839589701e+02
2.621323082467630456e+02
2.593311556503230122e+02
2.574450532476425906e+02
2.564640693430990268e+02
2.560624845625970352e+02
2.560697789080768985e+02
2.562499698908046071e+02
2.567258988534184141e+02
2.577391578725710133e+02
2.594778715583915414e+02
2.620126848444488132e+02
2.652322312839423830e+02
2.689825856641404016e+02
2.729464297922937703e+02
2.767814684013036981e+02
2.804044465318058315e+02
2.836202799824073963e+02
2.866454069320672033e+02
2.898272861574560011e+02
2.936169188076689807e+02
2.983522923681701968e+02
3.042914776792807743e+02
3.109927522911054893e+02
3.176971755318092505e+02
3.233984258134922243e+02
3.273015113078621425e+02
3.290703895969583641e+02
3.286934682762859552e+02
3.268939726394919489e+02
3.245727353885597495e+02
9.689327018420765114e+01
9.613919092469998873e+01
9.588430984607715857e+01
9.582422938886293196e+01
9.564744874128069796e+01
9.519239443301573544e+01
9.443697380206673131e+01
9.348860026883029661e+01
9.242764211760346882e+01
9.135610346633599477e+01
9.025123097428114249e+01
8.905476387875829403e+01
8.776801918041665829e+01
8.639410316813673774e+01
8.507751597245767528e+01
8.399139149820754824e+01
8.328412424190443630e+01
8.301184104689259868e+01
8.309142176909325883e+01
8.340866069291988083e+01
8.375346062273889913e+01
8.400094448017705417e+01
8.410685931779659086e+01
8.412217319922282854e+01
8.408950568625816402e+01
8.411434773928520769e+01
8.425450687994636212e+01
8.453566060879089150e+01
8.497270743836682527e+01
8.558702604735134400e+01
8.635992959541903247e+01
8.731659932192937390e+01
8.839438131079263883e+01
8.950309853375092928e+01
9.050999186071318547e+01
9.132552928473118925e+01
9.181224952891462010e+01
9.191363425387349650e+01
9.166195380366622203e+01
9.117968533448062374e+01
9.062698972197163982e+01
9.011895954392679187e+01
8.974367401210112405e+01
8.943793716145553674e+01
8.917707136460889217e+01
8.890393897149860436e+01
8.869570952684459542e+01
8.864611249507217394e+01
8.883965547432913468e+01
8.932328094413396968e+01
9.000014736589285747e+01
9.074375046918899557e+01
9.138831000114799963e+01
9.180113981383712485e+01
9.196437565026579364e+01
9.196045186238956148e+01
9.193347173464758271e+01
9.202324243297682926e+01
9.230648772894710419e+01
9.274928334197039703e+01
9.313251454738473001e+01
9.325505975843027784e+01
9.288385987301388980e+01
9.192429476051241011e+01
9.046482656906235320e+01
8.864099601550488217e+01
8.668114503948554272e+01
8.480887021545234461e+01
8.313807991372004835e+01
8.174775991031916078e+01
8.060537717200085694e+01
7.969000360046693743e+01
7.897664246170963054e+01
7.848681493386926888e+01
7.819057482169931461e+01
7.807935458722970168e+01
7.812080895840972516e+01
7.831890533205655913e+01
7.858217603502514237e+01
7.893839803788094400e+01
7.940399934032123497e+01
8.002413577969498704e+01
8.072863600832907593e+01
8.151306211164529714e+01
8.224428719547482558e+01
8.283544503217159161e+01
8.320610553732008441e+01
8.336631926546959903e+01
8.333531381743347310e+01
8.317797352997428106e+01
8.290119689752916088e+01
8.249765236235408850e+01
8.194918750904938065e+01
8.125350385392195562e+01
8.049521707815692650e+01
7.975363847858633903e+01
7.917872448000358077e+01
7.890594124555303779e+01
7.901020257176442385e+01
7.949939140291293427e+01
8.032058905774660218e+01
8.131955505800073070e+01
8.233036230632018260e+01
8.323618388277324698e+01
8.388549693875036439e+01
8.430133506208495930e+01
8.451233372585154768e+01
8.458098486887951140e+01
8.459281433519785764e+01
8.458689578541327592e+01
8.456857805291123498e+01
8.446693232461198875e+01
8.426173522654417525e+01
8.394199695481127321e+01
8.350859087246499257e+01
8.301294847602834182e+01
8.251524874454261749e+01
8.202642288275761473e+01
8.160914813548798463e+01
8.132906881115152942e+01
8.126739461708984891e+01
8.151333137008600715e+01
8.212421655313316649e+01
8.303086275350138123e+01
8.409901966460735423e+01
8.502057443405701065e+01
8.563626618567347748e+01
8.575259355769730973e+01
8.535248413193259864e+01
8.450915659277191594e+01
8.341408152067495507e+01
8.223939389982392356e+01
8.118056057590807484e+01
8.034258009484922525e+01
7.981807479519544302e+01
7.968380428275213490e+01
7.991535073611821360e+01
8.050917574765992413e+01
8.134974800817018092e+01
8.231084094836317888e+01
8.318390192911274994e+01
8.380361306639889563e+01
8.404178807061433076e+01
8.385706469885332126e+01
8.327718337045386932e+01
8.243784533059482555e+01
8.146656828588579913e+01
8.048095624118747082e+01
7.961507892306318013e+01
7.894952418547210016e+01
7.858595254428556132e+01
7.863688434365354851e+01
7.913974290129654321e+01
8.004609519687782893e+01
8.123036283961015158e+01
8.249115486442110523e+01
8.357262154963919443e+01
8.425466995414004145e+01
8.448316493714411024e+01
8.424904646855844703e+01
8.369256210850861066e+01
8.300831993409549625e+01
8.241988103620791151e+01
8.204255269924526317e+01
8.200843903375043453e+01
8.232027323845537126e+01
8.296072636552167978e+01
8.390573610936735349e+01
8.505357739385537741e+01
8.630562467168793717e+01
8.746415756781371442e+01
8.836112098983601015e+01
8.876595694459999208e+01
8.861586016784765718e+01
8.792907115789206784e+01
8.682426849682452996e+01
8.555105419734161387e+01
8.430301118519950876e+01
8.326196821942126292e+01
8.260100941855174028e+01
8.243192448781032056e+01
8.282776297746117677e+01
8.379921412277282400e+01
8.528344433039183059e+01
8.709983023846540107e+01
8.902204958705475235e+01
9.079413902214868415e+01
9.220001433540885216e+01
9.314385964897383019e+01
9.360984242952244472e+01
9.365527972023737391e+01
9.340060530284270612e+01
9.299954170310260793e+01
9.256435285989175554e+01
9.210459332243448216e+01
9.162789648790959518e+01
9.112324130548748258e+01
9.054977565770292358e+01
9.001344804953237144e+01
8.961644129734411024e+01
8.947894569512638441e+01
8.967592576452280184e+01
9.015911810578094787e+01
9.078809376791890884e+01
9.139932245703823810e+01
9.176873673516490726e+01
9.179344302145756274e+01
9.143234532819373328e+01
9.075344870531353081e+01
8.993835319161713926e+01
8.917639713562498116e+01
8.862936217820703177e+01
8.841457153457525919e+01
8.852349840948753013e+01
8.883466923474107091e+01
8.917841649294381057e+01
8.934071618386613522e+01
8.923546393195222493e+01
8.884465575287605077e+01
8.828248046774375268e+01
8.764351985889489072e+01
8.711062271865992557e+01
8.672641856459364362e+01
8.654970516382368828e+01
8.655873991179666405e+01
8.675226554592367734e+01
8.714739807995971432e+01
8.768408208344634147e+01
8.834519443857071508e+01
8.903029134600828343e+01
8.960522228563630165e+01
8.999857402935634809e+01
9.010754865000281200e+01
8.994736299547419378e+01
8.957444590905673465e+01
8.914570659160682453e+01
8.890133755664886905e+01
8.899405659963400694e+01
8.958481367960618513e+01
9.071070701025089988e+01
9.229184860574247296e+01
9.411386142231388874e+01
9.595577189499901749e+01
9.757087518285621286e+01
9.881042421080651650e+01
9.963283299566968765e+01
9.998135290185598478e+01
9.995327827844472779e+01
9.965176762988826908e+01
9.917207203604964150e+01
9.861268067584997254e+01
9.803694982831927973e+01
9.750008596342816247e+01
9.702205424117425991e+01
9.660854977295421975e+01
9.626206539316287092e+01
9.596863886992831283e+01
9.577519578902017372e+01
9.570274303635356716e+01
9.575965931445746548e+01
9.595849541972489760e+01
9.619859665193123988e+01
9.651387631158124236e+01
9.685388226379731691e+01
9.716829177870926060e+01
9.745977298531765598e+01
9.769815455031843499e+01
9.789856100287256879e+01
9.801739364772390672e+01
9.799323862961153964e+01
9.777729843818333677e+01
9.731216044546212629e+01
9.662849083868565003e+01
9.577340708772153732e+01
9.487731758799742465e+01
9.407198311766586585e+01
9.341501040252707355e+01
9.292162810809848850e+01
9.256562917936462043e+01
9.234353787748031550e+01
9.219964430142243828e+01
9.213604771744047639e+01
9.213981038213968588e+01
9.222811880390071337e+01
9.238391217201814243e+01
9.254284387210240936e+01
9.269569479034677784e+01
9.277317240418997812e+01
9.280644724442829840e+01
9.280122027290821052e+01
9.275188884464648709e+01
9.268387845621244026e+01
9.251698367801560607e+01
9.217435644565524910e+01
9.159931894440985900e+01
9.078828987725783861e+01
8.976435490211768808e+01
8.858416732677198979e+01
8.736074968973251487e+01
8.619030032049255396e+01
8.517354699985833122e+01
8.444612934648834823e+01
8.415046389987028874e+01
8.438332697383354741e+01
8.510535115046594967e+01
8.624320716162382894e+01
8.762956466561968227e+01
8.900814355221109508e+01
9.026560947585291217e+01
9.130143955390906285e+01
9.210749971458827190e+01
9.272242123788504387e+01
9.320588028924682078e+01
9.352839553323953226e+01
9.369497182425570259e+01
9.373341034897477186e+01
9.366355905496148182e+01
9.359898848735812749e+01
9.356167914673905273e+01
9.362614833113786972e+01
9.382104228633932053e+01
9.424642438677454948e+01
9.495691399177000847e+01
9.600017751662592502e+01
9.744115669421964299e+01
9.919307526321993862e+01
1.010934118183325552e+02
1.029551703395511737e+02
1.045263145919138026e+02
1.057174099596120982e+02
1.064953182438973300e+02
1.069891269559663698e+02
1.073521254382177972e+02
