1.784939999999999835e-08
-9.611060000000000778e-06
-4.033560000000000053e-05
-9.498560000000000076e-05
-1.765460000000000000e-04
-2.883149999999999797e-04
-4.337459999999999905e-04
-6.165409999999999641e-04
-8.405669999999999635e-04
-1.110129999999999971e-03
-1.429750000000000031e-03
-1.804290000000000060e-03
-2.239010000000000045e-03
-2.739709999999999802e-03
-3.312659999999999823e-03
-3.964780000000000214e-03
-4.703729999999999717e-03
-5.538109999999999734e-03
-6.477759999999999942e-03
-7.533650000000000242e-03
-8.718679999999999486e-03
-1.004780000000000083e-02
-1.153850000000000015e-02
-1.321130000000000047e-02
-1.509029999999999920e-02
-1.720409999999999995e-02
-1.958560000000000162e-02
-2.227269999999999944e-02
-2.530769999999999895e-02
-2.873639999999999875e-02
-3.260629999999999779e-02
-3.696229999999999655e-02
-4.184199999999999725e-02
-4.726790000000000158e-02
-5.323699999999999960e-02
-5.983659999999999674e-02
-6.716339999999999810e-02
-7.516059999999999408e-02
-8.369899999999999562e-02
-9.255330000000000501e-02
-1.013779999999999959e-01
-1.096860000000000057e-01
-1.168229999999999963e-01
-1.219650000000000040e-01
-1.241059999999999941e-01
-1.220799999999999941e-01
-1.145970000000000044e-01
-1.002959999999999963e-01
-7.783420000000000616e-02
-4.599349999999999966e-02
-3.811650000000000194e-03
4.927440000000000292e-02
1.132810000000000067e-01
1.875410000000000132e-01
2.705969999999999764e-01
3.601320000000000077e-01
4.529699999999999838e-01
5.451430000000000442e-01
6.320400000000000462e-01
7.086400000000000476e-01
7.698089999999999655e-01
8.106619999999999937e-01
8.269349999999999756e-01
8.153679999999999817e-01
7.740339999999999998e-01
7.025909999999999656e-01
6.024310000000000498e-01
4.766920000000000046e-01
3.301330000000000098e-01
1.688699999999999923e-01
-3.779130000000000039e-08
-1.688709999999999933e-01
-3.301330000000000098e-01
-4.766920000000000046e-01
-6.024310000000000498e-01
-7.025909999999999656e-01
-7.740339999999999998e-01
-8.153679999999999817e-01
-8.269349999999999756e-01
-8.106619999999999937e-01
-7.698089999999999655e-01
-7.086400000000000476e-01
-6.320400000000000462e-01
-5.451430000000000442e-01
-4.529699999999999838e-01
-3.601320000000000077e-01
-2.705969999999999764e-01
-1.875410000000000132e-01
-1.132810000000000067e-01
-4.927430000000000004e-02
3.811680000000000016e-03
4.599360000000000254e-02
7.783420000000000616e-02
1.002959999999999963e-01
1.145970000000000044e-01
1.220799999999999941e-01
1.241049999999999931e-01
1.219650000000000040e-01
1.168229999999999963e-01
1.096860000000000057e-01
1.013779999999999959e-01
9.255330000000000501e-02
8.369899999999999562e-02
7.516059999999999408e-02
6.716339999999999810e-02
5.983659999999999674e-02
5.312340000000000118e-02
4.696560000000000318e-02
4.139580000000000343e-02
3.640920000000000267e-02
3.197679999999999967e-02
2.805490000000000067e-02
2.459369999999999959e-02
2.154170000000000043e-02
1.884999999999999870e-02
1.647360000000000144e-02
1.437279999999999981e-02
1.251279999999999927e-02
1.086409999999999980e-02
9.401369999999999172e-03
8.103229999999999461e-03
6.951409999999999881e-03
5.930509999999999948e-03
5.027130000000000314e-03
4.229680000000000419e-03
3.528030000000000142e-03
2.913230000000000160e-03
2.377310000000000100e-03
1.913039999999999966e-03
1.513969999999999899e-03
1.174069999999999931e-03
8.879520000000000121e-04
6.505019999999999596e-04
4.571989999999999843e-04
3.035860000000000034e-04
1.857229999999999970e-04
9.976899999999999972e-05
4.236320000000000125e-05
1.010630000000000012e-05
-1.482189999999999986e-08
